triangle 0 0 0  0 1 0  0 0 1  -1 0 0  0.725 0.71 0.68
triangle 0 1 1  0 1 0  0 0 1  -1 0 0  0.725 0.71 0.68

triangle 1 0 0  1 1 0  1 0 1  1 0 0  0.725 0.71 0.68
triangle 1 1 1  1 1 0  1 0 1  1 0 0  0.725 0.71 0.68

triangle 0 0 0  0 0 1  1 0 0  0 -1 0  0.725 0.71 0.68
triangle 1 0 1  0 0 1  1 0 0  0 -1 0  0.725 0.71 0.68

triangle 0 1 0  0 1 1  1 1 0  0 1 0  0.725 0.71 0.68
triangle 1 1 1  0 1 1  1 1 0  0 1 0  0.725 0.71 0.68

triangle 0 0 0  0 1 0  1 0 0  0 0 -1  0.725 0.71 0.68
triangle 1 1 0  0 1 0  1 0 0  0 0 -1  0.725 0.71 0.68

triangle 0 0 1  0 1 1  1 0 1  0 0 1  0.725 0.71 0.68
triangle 1 1 1  0 1 1  1 0 1  0 0 1  0.725 0.71 0.68
