triangle diffuse
-1.01  0.00   0.99
1.00  0.00   0.99
1.00  0.00  -1.04
0 1 0
0.725 0.71 0.68
triangle diffuse
-1.01  0.00   0.99
1.00  0.00  -1.04
-0.99  0.00  -1.04
0 1 0
0.725 0.71 0.68


triangle diffuse
-1.02  1.99   0.99  
-1.02  1.99  -1.04
 1.00  1.99  -1.04
0 -1 0
0.725 0.71 0.68
triangle diffuse
-1.02  1.99   0.99  
 1.00  1.99  -1.04
 1.00  1.99   0.99
0 -1 0
0.725 0.71 0.68



triangle diffuse
-0.99  0.00  -1.04 
 1.00  0.00  -1.04
 1.00  1.99  -1.04
0 0 1
0.725 0.71 0.68
triangle diffuse
-0.99  0.00  -1.04 
 1.00  1.99  -1.04
-1.02  1.99  -1.04
0 0 1
0.725 0.71 0.68

triangle diffuse
1.00  0.00  -1.04   
1.00  0.00   0.99
1.00  1.99   0.99
-1 0 0
 0.14 0.45 0.091
triangle diffuse
1.00  0.00  -1.04   
1.00  1.99   0.99
1.00  1.99  -1.04
-1 0 0
 0.14 0.45 0.091


triangle diffuse
-1.01  0.00   0.99
-0.99  0.00  -1.04
-1.02  1.99  -1.04
1 0 0
0.63 0.065 0.05
triangle diffuse
-1.01  0.00   0.99
-1.02  1.99  -1.04
-1.02  1.99   0.99
1 0 0
0.63 0.065 0.05





sphere reflect
-0.4 0.3 -0.2 0.3
0.32 0.68 0.85

sphere refract
0.41 0.3 0.46 0.3
0.32 0.68 0.85

triangle light
-0.24  1.98   0.16
-0.24  1.98  -0.22
 0.23  1.98  -0.22
0 -1 0
1 1 1
triangle light
-0.24  1.98   0.16
 0.23  1.98  -0.22
 0.23  1.98   0.16
0 -1 0
1 1 1



