
triangle diffuse
0.53  0.60   0.75 
0.70  0.60   0.17  
0.13  0.60   0.00
0 1 0
0.725 0.71 0.68
triangle diffuse
0.53  0.60   0.75 
0.13  0.60   0.00
-0.05  0.60   0.57
0 1 0
0.725 0.71 0.68


triangle diffuse
-0.05  0.00   0.57
-0.05  0.60   0.57
 0.13  0.60   0.00 
-1 0 0
0.725 0.71 0.68
triangle diffuse
-0.05  0.00   0.57
 0.13  0.60   0.00 
 0.13  0.00   0.00
-1 0 0
0.725 0.71 0.68


triangle diffuse
0.53  0.00   0.75
0.53  0.60   0.75
-0.05  0.60   0.57
0 0 1
0.725 0.71 0.68
triangle diffuse
0.53  0.00   0.75
-0.05  0.60   0.57
-0.05  0.00   0.57
0 0 1
0.725 0.71 0.68

triangle diffuse
0.70  0.00   0.17
0.70  0.60   0.17
0.53  0.60   0.75
1 0 0
0.725 0.71 0.68
triangle diffuse
0.70  0.00   0.17
0.53  0.60   0.75
0.53  0.00   0.75
1 0 0
0.725 0.71 0.68

triangle diffuse
0.13  0.00   0.00
0.13  0.60   0.00
0.70  0.60   0.17
0 0 -1
0.725 0.71 0.68
triangle diffuse
0.13  0.00   0.00
0.70  0.60   0.17
0.70  0.00   0.17
0 0 -1
0.725 0.71 0.68


